Using device: cuda
Using device: cuda
finish  loadding data
inital  linear weight 
prediction [1166, 1125, 1568, 859, 859, 859, 1742]
b_y        [140, 446, 620, 923, 447, 1, 1]
******************************
epoch   0 batch number 0 loss is:  7.828097343444824
finish  save model
prediction [1, 1, 1, 1, 1, 1, 1, 1, 1, 1, 1, 1, 1, 1, 1, 1]
b_y        [1266, 182, 42, 556, 810, 264, 1679, 811, 136, 346, 81, 1680, 37, 1681, 1, 1]
******************************
epoch   0 batch number 1 loss is:  7.831380844116211
prediction [407, 622, 639, 639, 177, 1, 1766, 1766, 1766, 56, 622, 622, 622, 622, 622, 622, 622, 622, 622, 622, 622, 629]
b_y        [471, 145, 495, 2, 1817, 373, 1357, 273, 25, 52, 58, 846, 99, 1360, 197, 1818, 672, 240, 1361, 228, 1, 1]
******************************
epoch   0 batch number 2 loss is:  7.950668811798096
prediction [732, 58, 1382, 35, 35, 35, 35, 35, 35, 35, 35, 35, 35, 35, 35, 35, 35, 35, 35, 35, 35, 35]
b_y        [1095, 274, 776, 131, 1108, 295, 1428, 999, 92, 893, 148, 844, 5, 3, 278, 1429, 821, 30, 664, 1121, 1, 1]
******************************
epoch   0 batch number 3 loss is:  7.931294918060303
prediction [311, 23, 51, 51, 51, 13, 55, 55, 55, 55, 55, 55, 55, 55, 55, 55, 55, 23, 36, 23, 23, 13]
b_y        [84, 87, 2032, 67, 1499, 490, 55, 370, 2, 590, 1157, 1157, 478, 2033, 132, 355, 355, 6, 209, 54, 1, 1]
******************************
epoch   0 batch number 4 loss is:  7.808701992034912
prediction [559, 148, 207, 181, 234, 234, 234, 234, 76, 76, 76, 76, 76, 76, 1232, 1232, 1232, 1232, 1232, 1232, 1232, 1232]
b_y        [997, 998, 1148, 1149, 1164, 106, 406, 17, 2, 403, 81, 268, 1294, 571, 291, 2210, 264, 117, 573, 439, 1, 1]
******************************
epoch   0 batch number 5 loss is:  7.802803039550781
prediction [38, 226, 38, 1, 1, 1, 1, 1, 1, 1, 1, 1, 1, 1, 1, 1, 1, 1, 1, 1, 1, 1, 1]
b_y        [1583, 1584, 75, 8, 91, 1571, 891, 88, 2357, 102, 426, 53, 4, 317, 161, 10, 291, 13, 801, 438, 393, 1, 1]
******************************
epoch   0 batch number 6 loss is:  9.057293891906738
prediction [3, 226, 3, 60, 38, 38, 91]
b_y        [140, 446, 620, 923, 447, 1, 1]
******************************
epoch   1 batch number 0 loss is:  7.279355525970459
finish  save model
prediction [140, 3, 3, 3, 1, 1, 1, 1, 1, 1, 1, 1, 1, 1, 1, 1]
b_y        [1266, 182, 42, 556, 810, 264, 1679, 811, 136, 346, 81, 1680, 37, 1681, 1, 1]
******************************
epoch   1 batch number 1 loss is:  7.125449180603027
prediction [14, 32, 27, 1, 1, 1, 1, 1, 1, 1, 1, 1, 1, 1, 1, 1, 1, 1, 1, 1, 1, 1]
b_y        [471, 145, 495, 2, 1817, 373, 1357, 273, 25, 52, 58, 846, 99, 1360, 197, 1818, 672, 240, 1361, 228, 1, 1]
******************************
epoch   1 batch number 2 loss is:  7.216498851776123
prediction [26, 3, 3, 27, 1, 1, 1, 1, 1, 1, 1, 1, 1, 1, 1, 1, 1, 1, 1, 1, 1, 1]
b_y        [1095, 274, 776, 131, 1108, 295, 1428, 999, 92, 893, 148, 844, 5, 3, 278, 1429, 821, 30, 664, 1121, 1, 1]
******************************
epoch   1 batch number 3 loss is:  7.102750301361084
prediction [99, 178, 3, 1, 1, 1, 1, 1, 1, 1, 1, 1, 1, 1, 1, 1, 1, 1, 1, 1, 1, 1]
b_y        [84, 87, 2032, 67, 1499, 490, 55, 370, 2, 590, 1157, 1157, 478, 2033, 132, 355, 355, 6, 209, 54, 1, 1]
******************************
epoch   1 batch number 4 loss is:  7.152634620666504
prediction [159, 3, 3, 1, 1, 1, 1, 1, 1, 1, 1, 1, 1, 1, 1, 1, 1, 1, 1, 1, 1, 1]
b_y        [997, 998, 1148, 1149, 1164, 106, 406, 17, 2, 403, 81, 268, 1294, 571, 291, 2210, 264, 117, 573, 439, 1, 1]
******************************
epoch   1 batch number 5 loss is:  7.199864387512207
prediction [3, 3, 3, 3, 1, 1, 1, 1, 1, 1, 1, 1, 1, 1, 1, 1, 1, 1, 1, 1, 1, 1, 1]
b_y        [1583, 1584, 75, 8, 91, 1571, 891, 88, 2357, 102, 426, 53, 4, 317, 161, 10, 291, 13, 801, 438, 393, 1, 1]
******************************
epoch   1 batch number 6 loss is:  7.0768609046936035
prediction [9, 3, 3, 1, 1, 1, 1]
b_y        [140, 446, 620, 923, 447, 1, 1]
******************************
epoch   2 batch number 0 loss is:  6.669872283935547
finish  save model
prediction [153, 3, 3, 1, 1, 1, 1, 1, 1, 1, 1, 1, 1, 1, 1, 1]
b_y        [1266, 182, 42, 556, 810, 264, 1679, 811, 136, 346, 81, 1680, 37, 1681, 1, 1]
******************************
epoch   2 batch number 1 loss is:  6.924219608306885
prediction [14, 29, 1, 1, 1, 1, 1, 1, 1, 1, 1, 1, 1, 1, 1, 1, 1, 1, 1, 1, 1, 1]
b_y        [471, 145, 495, 2, 1817, 373, 1357, 273, 25, 52, 58, 846, 99, 1360, 197, 1818, 672, 240, 1361, 228, 1, 1]
******************************
epoch   2 batch number 2 loss is:  6.992221355438232
prediction [26, 3, 3, 1, 1, 1, 1, 1, 1, 1, 1, 1, 1, 1, 1, 1, 1, 1, 1, 1, 1, 1]
b_y        [1095, 274, 776, 131, 1108, 295, 1428, 999, 92, 893, 148, 844, 5, 3, 278, 1429, 821, 30, 664, 1121, 1, 1]
******************************
epoch   2 batch number 3 loss is:  6.9262824058532715
prediction [14, 3, 1, 1, 1, 1, 1, 1, 1, 1, 1, 1, 1, 1, 1, 1, 1, 1, 1, 1, 1, 1]
b_y        [84, 87, 2032, 67, 1499, 490, 55, 370, 2, 590, 1157, 1157, 478, 2033, 132, 355, 355, 6, 209, 54, 1, 1]
******************************
epoch   2 batch number 4 loss is:  7.050676345825195
prediction [27, 3, 1, 1, 1, 1, 1, 1, 1, 1, 1, 1, 1, 1, 1, 1, 1, 1, 1, 1, 1, 1]
b_y        [997, 998, 1148, 1149, 1164, 106, 406, 17, 2, 403, 81, 268, 1294, 571, 291, 2210, 264, 117, 573, 439, 1, 1]
******************************
epoch   2 batch number 5 loss is:  6.902698040008545
prediction [3, 3, 3, 1, 1, 1, 1, 1, 1, 1, 1, 1, 1, 1, 1, 1, 1, 1, 1, 1, 1, 1, 1]
b_y        [1583, 1584, 75, 8, 91, 1571, 891, 88, 2357, 102, 426, 53, 4, 317, 161, 10, 291, 13, 801, 438, 393, 1, 1]
******************************
epoch   2 batch number 6 loss is:  6.901526927947998
prediction [9, 3, 1, 1, 1, 1, 1]
b_y        [140, 446, 620, 923, 447, 1, 1]
******************************
epoch   3 batch number 0 loss is:  6.36371374130249
finish  save model
prediction [27, 3, 3, 1, 1, 1, 1, 1, 1, 1, 1, 1, 1, 1, 1, 1]
b_y        [1266, 182, 42, 556, 810, 264, 1679, 811, 136, 346, 81, 1680, 37, 1681, 1, 1]
******************************
epoch   3 batch number 1 loss is:  6.841159343719482
prediction [14, 29, 1, 1, 1, 1, 1, 1, 1, 1, 1, 1, 1, 1, 1, 1, 1, 1, 1, 1, 1, 1]
b_y        [471, 145, 495, 2, 1817, 373, 1357, 273, 25, 52, 58, 846, 99, 1360, 197, 1818, 672, 240, 1361, 228, 1, 1]
******************************
epoch   3 batch number 2 loss is:  6.911080360412598
prediction [26, 3, 3, 1, 1, 1, 1, 1, 1, 1, 1, 1, 1, 1, 1, 1, 1, 1, 1, 1, 1, 1]
b_y        [1095, 274, 776, 131, 1108, 295, 1428, 999, 92, 893, 148, 844, 5, 3, 278, 1429, 821, 30, 664, 1121, 1, 1]
******************************
epoch   3 batch number 3 loss is:  6.8583984375
prediction [14, 178, 1, 1, 1, 1, 1, 1, 1, 1, 1, 1, 1, 1, 1, 1, 1, 1, 1, 1, 1, 1]
b_y        [84, 87, 2032, 67, 1499, 490, 55, 370, 2, 590, 1157, 1157, 478, 2033, 132, 355, 355, 6, 209, 54, 1, 1]
******************************
epoch   3 batch number 4 loss is:  6.9997382164001465
prediction [27, 3, 1, 1, 1, 1, 1, 1, 1, 1, 1, 1, 1, 1, 1, 1, 1, 1, 1, 1, 1, 1]
b_y        [997, 998, 1148, 1149, 1164, 106, 406, 17, 2, 403, 81, 268, 1294, 571, 291, 2210, 264, 117, 573, 439, 1, 1]
******************************
epoch   3 batch number 5 loss is:  6.883488655090332
prediction [3, 3, 2, 1, 1, 1, 1, 1, 1, 1, 1, 1, 1, 1, 1, 1, 1, 1, 1, 1, 1, 1, 1]
b_y        [1583, 1584, 75, 8, 91, 1571, 891, 88, 2357, 102, 426, 53, 4, 317, 161, 10, 291, 13, 801, 438, 393, 1, 1]
******************************
epoch   3 batch number 6 loss is:  6.8530402183532715
prediction [22, 4, 1, 1, 1, 1, 1]
b_y        [140, 446, 620, 923, 447, 1, 1]
******************************
epoch   4 batch number 0 loss is:  6.265143871307373
finish  save model
prediction [28, 3, 3, 1, 1, 1, 1, 1, 1, 1, 1, 1, 1, 1, 1, 1]
b_y        [1266, 182, 42, 556, 810, 264, 1679, 811, 136, 346, 81, 1680, 37, 1681, 1, 1]
******************************
epoch   4 batch number 1 loss is:  7.102180004119873
prediction [14, 16, 6, 6, 2, 2, 6, 1, 1, 1, 1, 1, 1, 1, 1, 1, 1, 1, 1, 1, 1, 1]
b_y        [471, 145, 495, 2, 1817, 373, 1357, 273, 25, 52, 58, 846, 99, 1360, 197, 1818, 672, 240, 1361, 228, 1, 1]
******************************
epoch   4 batch number 2 loss is:  7.019773483276367
prediction [26, 3, 2, 1, 1, 1, 1, 1, 1, 1, 1, 1, 1, 1, 1, 1, 1, 1, 1, 1, 1, 1]
b_y        [1095, 274, 776, 131, 1108, 295, 1428, 999, 92, 893, 148, 844, 5, 3, 278, 1429, 821, 30, 664, 1121, 1, 1]
******************************
epoch   4 batch number 3 loss is:  6.864511489868164
prediction [14, 178, 21, 1, 1, 1, 1, 1, 1, 1, 1, 1, 1, 1, 1, 1, 1, 1, 1, 1, 1, 1]
b_y        [84, 87, 2032, 67, 1499, 490, 55, 370, 2, 590, 1157, 1157, 478, 2033, 132, 355, 355, 6, 209, 54, 1, 1]
******************************
epoch   4 batch number 4 loss is:  6.985661506652832
prediction [27, 11, 21, 1, 1, 1, 1, 1, 1, 1, 1, 1, 1, 1, 1, 1, 1, 1, 1, 1, 1, 1]
b_y        [997, 998, 1148, 1149, 1164, 106, 406, 17, 2, 403, 81, 268, 1294, 571, 291, 2210, 264, 117, 573, 439, 1, 1]
******************************
epoch   4 batch number 5 loss is:  6.828400611877441
prediction [3, 3, 2, 1, 1, 1, 1, 1, 1, 1, 1, 1, 1, 1, 1, 1, 1, 1, 1, 1, 1, 1, 1]
b_y        [1583, 1584, 75, 8, 91, 1571, 891, 88, 2357, 102, 426, 53, 4, 317, 161, 10, 291, 13, 801, 438, 393, 1, 1]
******************************
epoch   4 batch number 6 loss is:  6.8270721435546875
prediction [9, 4, 21, 1, 1, 1, 1]
b_y        [140, 446, 620, 923, 447, 1, 1]
******************************
epoch   5 batch number 0 loss is:  6.2714457511901855
finish  save model
prediction [27, 63, 3, 1, 1, 1, 1, 1, 1, 1, 1, 1, 1, 1, 1, 1]
b_y        [1266, 182, 42, 556, 810, 264, 1679, 811, 136, 346, 81, 1680, 37, 1681, 1, 1]
******************************
epoch   5 batch number 1 loss is:  6.768280982971191
prediction [14, 224, 2, 1, 1, 1, 1, 1, 1, 1, 1, 1, 1, 1, 1, 1, 1, 1, 1, 1, 1, 1]
b_y        [471, 145, 495, 2, 1817, 373, 1357, 273, 25, 52, 58, 846, 99, 1360, 197, 1818, 672, 240, 1361, 228, 1, 1]
******************************
epoch   5 batch number 2 loss is:  6.88169527053833
prediction [26, 3, 2, 1, 1, 1, 1, 1, 1, 1, 1, 1, 1, 1, 1, 1, 1, 1, 1, 1, 1, 1]
b_y        [1095, 274, 776, 131, 1108, 295, 1428, 999, 92, 893, 148, 844, 5, 3, 278, 1429, 821, 30, 664, 1121, 1, 1]
******************************
epoch   5 batch number 3 loss is:  6.809917449951172
prediction [14, 29, 2, 1, 1, 1, 1, 1, 1, 1, 1, 1, 1, 1, 1, 1, 1, 1, 1, 1, 1, 1]
b_y        [84, 87, 2032, 67, 1499, 490, 55, 370, 2, 590, 1157, 1157, 478, 2033, 132, 355, 355, 6, 209, 54, 1, 1]
******************************
epoch   5 batch number 4 loss is:  6.934438228607178
prediction [27, 138, 199, 1, 1, 1, 1, 1, 1, 1, 1, 1, 1, 1, 1, 1, 1, 1, 1, 1, 1, 1]
b_y        [997, 998, 1148, 1149, 1164, 106, 406, 17, 2, 403, 81, 268, 1294, 571, 291, 2210, 264, 117, 573, 439, 1, 1]
******************************
epoch   5 batch number 5 loss is:  6.817714691162109
prediction [3, 3, 2, 1, 1, 1, 1, 1, 1, 1, 1, 1, 1, 1, 1, 1, 1, 1, 1, 1, 1, 1, 1]
b_y        [1583, 1584, 75, 8, 91, 1571, 891, 88, 2357, 102, 426, 53, 4, 317, 161, 10, 291, 13, 801, 438, 393, 1, 1]
******************************
epoch   5 batch number 6 loss is:  6.809459686279297
prediction [9, 16, 21, 1, 3, 1, 1]
b_y        [140, 446, 620, 923, 447, 1, 1]
******************************
epoch   6 batch number 0 loss is:  6.204307556152344
finish  save model
prediction [27, 8, 6, 1, 1, 1, 1, 1, 1, 1, 1, 1, 1, 1, 1, 1]
b_y        [1266, 182, 42, 556, 810, 264, 1679, 811, 136, 346, 81, 1680, 37, 1681, 1, 1]
******************************
epoch   6 batch number 1 loss is:  6.720545291900635
prediction [14, 224, 2, 1, 1, 1, 1, 1, 1, 1, 1, 1, 1, 1, 1, 1, 1, 1, 1, 1, 1, 1]
b_y        [471, 145, 495, 2, 1817, 373, 1357, 273, 25, 52, 58, 846, 99, 1360, 197, 1818, 672, 240, 1361, 228, 1, 1]
******************************
epoch   6 batch number 2 loss is:  6.831231594085693
prediction [26, 3, 2, 1, 1, 1, 1, 1, 1, 1, 1, 1, 1, 1, 1, 1, 1, 1, 1, 1, 1, 1]
b_y        [1095, 274, 776, 131, 1108, 295, 1428, 999, 92, 893, 148, 844, 5, 3, 278, 1429, 821, 30, 664, 1121, 1, 1]
******************************
epoch   6 batch number 3 loss is:  6.747114658355713
prediction [14, 16, 21, 1, 1, 1, 1, 1, 1, 1, 1, 1, 1, 1, 1, 1, 1, 1, 1, 1, 1, 1]
b_y        [84, 87, 2032, 67, 1499, 490, 55, 370, 2, 590, 1157, 1157, 478, 2033, 132, 355, 355, 6, 209, 54, 1, 1]
******************************
epoch   6 batch number 4 loss is:  6.891224384307861
prediction [27, 224, 21, 1, 1, 1, 1, 3, 1, 1, 1, 3, 1, 1, 1, 1, 1, 1, 1, 1, 1, 1]
b_y        [997, 998, 1148, 1149, 1164, 106, 406, 17, 2, 403, 81, 268, 1294, 571, 291, 2210, 264, 117, 573, 439, 1, 1]
******************************
epoch   6 batch number 5 loss is:  6.730388164520264
prediction [3, 16, 2, 2, 3, 1, 1, 1, 3, 1, 1, 3, 1, 1, 1, 1, 1, 1, 1, 1, 1, 1, 1]
b_y        [1583, 1584, 75, 8, 91, 1571, 891, 88, 2357, 102, 426, 53, 4, 317, 161, 10, 291, 13, 801, 438, 393, 1, 1]
******************************
epoch   6 batch number 6 loss is:  6.761607646942139
prediction [9, 92, 21, 1, 3, 1, 1]
b_y        [140, 446, 620, 923, 447, 1, 1]
******************************
epoch   7 batch number 0 loss is:  6.099715232849121
finish  save model
prediction [27, 160, 199, 340, 1, 1, 3, 3, 1, 3, 1, 1, 3, 1, 1, 1]
b_y        [1266, 182, 42, 556, 810, 264, 1679, 811, 136, 346, 81, 1680, 37, 1681, 1, 1]
******************************
epoch   7 batch number 1 loss is:  6.695622444152832
prediction [14, 2, 2, 1, 1, 1, 1, 1, 1, 1, 1, 1, 1, 1, 1, 1, 1, 1, 1, 1, 1, 1]
b_y        [471, 145, 495, 2, 1817, 373, 1357, 273, 25, 52, 58, 846, 99, 1360, 197, 1818, 672, 240, 1361, 228, 1, 1]
******************************
epoch   7 batch number 2 loss is:  6.79999303817749
prediction [26, 3, 2, 8, 1, 1, 1, 3, 1, 1, 3, 3, 1, 1, 1, 3, 1, 1, 1, 1, 1, 1]
b_y        [1095, 274, 776, 131, 1108, 295, 1428, 999, 92, 893, 148, 844, 5, 3, 278, 1429, 821, 30, 664, 1121, 1, 1]
******************************
epoch   7 batch number 3 loss is:  6.730009078979492
prediction [14, 63, 2, 1, 1, 1, 1, 1, 1, 1, 1, 1, 1, 1, 1, 1, 1, 1, 1, 1, 1, 1]
b_y        [84, 87, 2032, 67, 1499, 490, 55, 370, 2, 590, 1157, 1157, 478, 2033, 132, 355, 355, 6, 209, 54, 1, 1]
******************************
epoch   7 batch number 4 loss is:  6.920478820800781
prediction [27, 138, 21, 2, 1, 1, 1, 3, 1, 1, 1, 3, 1, 1, 1, 1, 1, 1, 1, 1, 1, 1]
b_y        [997, 998, 1148, 1149, 1164, 106, 406, 17, 2, 403, 81, 268, 1294, 571, 291, 2210, 264, 117, 573, 439, 1, 1]
******************************
epoch   7 batch number 5 loss is:  6.690927982330322
prediction [3, 12, 2, 2, 3, 1, 1, 3, 3, 1, 1, 1, 1, 1, 1, 1, 1, 1, 1, 1, 1, 1, 1]
b_y        [1583, 1584, 75, 8, 91, 1571, 891, 88, 2357, 102, 426, 53, 4, 317, 161, 10, 291, 13, 801, 438, 393, 1, 1]
******************************
epoch   7 batch number 6 loss is:  6.712900161743164
prediction [14, 92, 21, 2, 3, 1, 1]
b_y        [140, 446, 620, 923, 447, 1, 1]
******************************
epoch   8 batch number 0 loss is:  6.071857929229736
finish  save model
prediction [27, 8, 6, 3, 1, 1, 3, 1, 1, 3, 1, 1, 3, 1, 1, 1]
b_y        [1266, 182, 42, 556, 810, 264, 1679, 811, 136, 346, 81, 1680, 37, 1681, 1, 1]
******************************
epoch   8 batch number 1 loss is:  6.639958381652832
prediction [14, 160, 246, 5, 1, 3, 1, 1, 1, 1, 1, 1, 1, 1, 1, 1, 1, 1, 1, 24, 1, 1]
b_y        [471, 145, 495, 2, 1817, 373, 1357, 273, 25, 52, 58, 846, 99, 1360, 197, 1818, 672, 240, 1361, 228, 1, 1]
******************************
epoch   8 batch number 2 loss is:  6.763351917266846
prediction [26, 3, 2, 30, 1, 1, 1, 3, 1, 1, 1, 1, 1, 1, 1, 1, 1, 1, 1, 1, 1, 1]
b_y        [1095, 274, 776, 131, 1108, 295, 1428, 999, 92, 893, 148, 844, 5, 3, 278, 1429, 821, 30, 664, 1121, 1, 1]
******************************
epoch   8 batch number 3 loss is:  6.668444633483887
prediction [14, 63, 2, 1, 3, 3, 1, 3, 1, 1, 1, 3, 3, 3, 3, 1, 1, 16, 3, 1, 1, 1]
b_y        [84, 87, 2032, 67, 1499, 490, 55, 370, 2, 590, 1157, 1157, 478, 2033, 132, 355, 355, 6, 209, 54, 1, 1]
******************************
epoch   8 batch number 4 loss is:  6.816355228424072
prediction [27, 160, 21, 94, 1, 1, 1, 3, 1, 1, 1, 1, 3, 1, 1, 1, 1, 1, 1, 1, 1, 1]
b_y        [997, 998, 1148, 1149, 1164, 106, 406, 17, 2, 403, 81, 268, 1294, 571, 291, 2210, 264, 117, 573, 439, 1, 1]
******************************
epoch   8 batch number 5 loss is:  6.680344104766846
prediction [3, 16, 2, 2, 3, 2, 3, 3, 3, 1, 1, 3, 1, 1, 1, 1, 1, 1, 3, 1, 3, 1, 1]
b_y        [1583, 1584, 75, 8, 91, 1571, 891, 88, 2357, 102, 426, 53, 4, 317, 161, 10, 291, 13, 801, 438, 393, 1, 1]
******************************
epoch   8 batch number 6 loss is:  6.681543350219727
prediction [14, 160, 21, 2, 3, 1, 1]
b_y        [140, 446, 620, 923, 447, 1, 1]
******************************
epoch   9 batch number 0 loss is:  5.95348596572876
finish  save model
prediction [27, 8, 388, 249, 5, 5, 3, 3, 3, 3, 1, 3, 3, 1, 1, 1]
b_y        [1266, 182, 42, 556, 810, 264, 1679, 811, 136, 346, 81, 1680, 37, 1681, 1, 1]
******************************
epoch   9 batch number 1 loss is:  6.547563552856445
prediction [14, 160, 246, 5, 1, 1, 1, 1, 1, 1, 1, 1, 1, 1, 1, 1, 1, 1, 1, 1, 1, 1]
b_y        [471, 145, 495, 2, 1817, 373, 1357, 273, 25, 52, 58, 846, 99, 1360, 197, 1818, 672, 240, 1361, 228, 1, 1]
******************************
epoch   9 batch number 2 loss is:  6.753189563751221
prediction [14, 3, 2, 30, 2, 3, 8, 27, 27, 2, 16, 27, 1, 1, 1, 27, 27, 1, 1, 1, 1, 1]
b_y        [1095, 274, 776, 131, 1108, 295, 1428, 999, 92, 893, 148, 844, 5, 3, 278, 1429, 821, 30, 664, 1121, 1, 1]
******************************
epoch   9 batch number 3 loss is:  6.627079963684082
prediction [14, 63, 2, 2, 3, 3, 1, 1, 1, 1, 1, 3, 3, 1, 3, 1, 1, 1, 3, 1, 1, 1]
b_y        [84, 87, 2032, 67, 1499, 490, 55, 370, 2, 590, 1157, 1157, 478, 2033, 132, 355, 355, 6, 209, 54, 1, 1]
******************************
epoch   9 batch number 4 loss is:  6.776354789733887
prediction [14, 224, 138, 425, 50, 16, 2, 24, 1, 1, 1, 3, 3, 1, 1, 3, 3, 1, 1, 1, 1, 1]
b_y        [997, 998, 1148, 1149, 1164, 106, 406, 17, 2, 403, 81, 268, 1294, 571, 291, 2210, 264, 117, 573, 439, 1, 1]
******************************
epoch   9 batch number 5 loss is:  6.613811492919922
prediction [14, 63, 2, 2, 3, 1, 1, 3, 3, 1, 1, 1, 1, 1, 1, 1, 1, 1, 1, 1, 1, 1, 1]
b_y        [1583, 1584, 75, 8, 91, 1571, 891, 88, 2357, 102, 426, 53, 4, 317, 161, 10, 291, 13, 801, 438, 393, 1, 1]
******************************
epoch   9 batch number 6 loss is:  6.630323886871338
prediction [14, 258, 199, 21, 3, 1, 1]
b_y        [140, 446, 620, 923, 447, 1, 1]
******************************
epoch   10 batch number 0 loss is:  5.962335109710693
finish  save model
prediction [27, 160, 2, 89, 1, 1, 1, 3, 1, 3, 1, 1, 3, 1, 1, 1]
b_y        [1266, 182, 42, 556, 810, 264, 1679, 811, 136, 346, 81, 1680, 37, 1681, 1, 1]
******************************
epoch   10 batch number 1 loss is:  6.525457382202148
prediction [14, 25, 21, 6, 2, 39, 2, 1, 1, 1, 1, 1, 1, 1, 1, 207, 207, 1, 1, 252, 1, 1]
b_y        [471, 145, 495, 2, 1817, 373, 1357, 273, 25, 52, 58, 846, 99, 1360, 197, 1818, 672, 240, 1361, 228, 1, 1]
******************************
epoch   10 batch number 2 loss is:  6.684667110443115
prediction [26, 178, 21, 30, 1, 1, 1, 27, 27, 1, 176, 27, 1, 1, 1, 1, 27, 1, 1, 1, 1, 1]
b_y        [1095, 274, 776, 131, 1108, 295, 1428, 999, 92, 893, 148, 844, 5, 3, 278, 1429, 821, 30, 664, 1121, 1, 1]
******************************
epoch   10 batch number 3 loss is:  6.59032678604126
prediction [14, 8, 2, 2, 3, 3, 1, 3, 1, 1, 16, 3, 3, 1, 3, 1, 16, 16, 3, 1, 1, 1]
b_y        [84, 87, 2032, 67, 1499, 490, 55, 370, 2, 590, 1157, 1157, 478, 2033, 132, 355, 355, 6, 209, 54, 1, 1]
******************************
epoch   10 batch number 4 loss is:  6.708542346954346
prediction [27, 92, 145, 92, 50, 16, 1, 3, 1, 42, 1, 3, 3, 1, 87, 3, 1, 1, 1, 1, 1, 1]
b_y        [997, 998, 1148, 1149, 1164, 106, 406, 17, 2, 403, 81, 268, 1294, 571, 291, 2210, 264, 117, 573, 439, 1, 1]
******************************
epoch   10 batch number 5 loss is:  6.539933204650879
prediction [14, 224, 2, 2, 2, 2, 2, 3, 3, 1, 1, 1, 1, 1, 1, 1, 1, 1, 3, 1, 3, 1, 1]
b_y        [1583, 1584, 75, 8, 91, 1571, 891, 88, 2357, 102, 426, 53, 4, 317, 161, 10, 291, 13, 801, 438, 393, 1, 1]
******************************
epoch   10 batch number 6 loss is:  6.558294296264648
prediction [14, 160, 620, 2, 3, 1, 1]
b_y        [140, 446, 620, 923, 447, 1, 1]
******************************
epoch   11 batch number 0 loss is:  5.761618614196777
finish  save model
prediction [27, 8, 388, 388, 50, 94, 249, 89, 92, 85, 3, 1, 3, 1, 1, 1]
b_y        [1266, 182, 42, 556, 810, 264, 1679, 811, 136, 346, 81, 1680, 37, 1681, 1, 1]
******************************
epoch   11 batch number 1 loss is:  6.440404415130615
prediction [14, 160, 246, 2, 42, 1, 39, 1, 1, 1, 1, 1, 1, 1, 1, 252, 1, 1, 1, 252, 1, 1]
b_y        [471, 145, 495, 2, 1817, 373, 1357, 273, 25, 52, 58, 846, 99, 1360, 197, 1818, 672, 240, 1361, 228, 1, 1]
******************************
epoch   11 batch number 2 loss is:  6.655903339385986
prediction [14, 3, 45, 30, 8, 8, 92, 92, 92, 2, 164, 164, 1, 1, 1, 201, 164, 1, 79, 8, 1, 1]
b_y        [1095, 274, 776, 131, 1108, 295, 1428, 999, 92, 893, 148, 844, 5, 3, 278, 1429, 821, 30, 664, 1121, 1, 1]
******************************
epoch   11 batch number 3 loss is:  6.5165276527404785
prediction [14, 63, 2, 1, 3, 3, 1, 3, 1, 16, 16, 3, 3, 1, 3, 1, 16, 92, 154, 1, 1, 1]
b_y        [84, 87, 2032, 67, 1499, 490, 55, 370, 2, 590, 1157, 1157, 478, 2033, 132, 355, 355, 6, 209, 54, 1, 1]
******************************
epoch   11 batch number 4 loss is:  6.63607120513916
prediction [14, 224, 145, 92, 50, 131, 12, 24, 2, 42, 1, 24, 24, 1, 16, 3, 137, 1, 16, 31, 1, 1]
b_y        [997, 998, 1148, 1149, 1164, 106, 406, 17, 2, 403, 81, 268, 1294, 571, 291, 2210, 264, 117, 573, 439, 1, 1]
******************************
epoch   11 batch number 5 loss is:  6.467006683349609
prediction [14, 203, 2, 21, 3, 2, 2, 3, 3, 1, 1, 1, 1, 1, 1, 1, 1, 1, 1, 1, 1, 1, 1]
b_y        [1583, 1584, 75, 8, 91, 1571, 891, 88, 2357, 102, 426, 53, 4, 317, 161, 10, 291, 13, 801, 438, 393, 1, 1]
******************************
epoch   11 batch number 6 loss is:  6.484714984893799
prediction [14, 203, 620, 2, 89, 1, 1]
b_y        [140, 446, 620, 923, 447, 1, 1]
******************************
epoch   12 batch number 0 loss is:  5.679042816162109
finish  save model
prediction [27, 203, 620, 395, 13, 89, 3, 89, 16, 24, 1, 1, 3, 1, 1, 1]
b_y        [1266, 182, 42, 556, 810, 264, 1679, 811, 136, 346, 81, 1680, 37, 1681, 1, 1]
******************************
epoch   12 batch number 1 loss is:  6.362174034118652
prediction [14, 224, 246, 2, 30, 16, 123, 1, 1, 1, 1, 1, 1, 1, 123, 252, 92, 1, 1, 179, 1, 1]
b_y        [471, 145, 495, 2, 1817, 373, 1357, 273, 25, 52, 58, 846, 99, 1360, 197, 1818, 672, 240, 1361, 228, 1, 1]
******************************
epoch   12 batch number 2 loss is:  6.549069881439209
prediction [14, 11, 45, 30, 2, 1, 16, 164, 92, 1, 201, 1, 1, 1, 1, 1, 1, 1, 1, 1, 1, 1]
b_y        [1095, 274, 776, 131, 1108, 295, 1428, 999, 92, 893, 148, 844, 5, 3, 278, 1429, 821, 30, 664, 1121, 1, 1]
******************************
epoch   12 batch number 3 loss is:  6.436911582946777
prediction [14, 8, 2, 13, 3, 89, 8, 3, 8, 16, 16, 3, 3, 88, 3, 1, 92, 92, 201, 1, 1, 1]
b_y        [84, 87, 2032, 67, 1499, 490, 55, 370, 2, 590, 1157, 1157, 478, 2033, 132, 355, 355, 6, 209, 54, 1, 1]
******************************
epoch   12 batch number 4 loss is:  6.552539348602295
prediction [14, 145, 145, 92, 50, 92, 4, 24, 2, 42, 1, 3, 24, 1, 16, 3, 1, 1, 16, 1, 1, 1]
b_y        [997, 998, 1148, 1149, 1164, 106, 406, 17, 2, 403, 81, 268, 1294, 571, 291, 2210, 264, 117, 573, 439, 1, 1]
******************************
epoch   12 batch number 5 loss is:  6.392586708068848
prediction [14, 16, 2, 30, 2, 3, 2, 71, 3, 2, 199, 3, 1, 1, 1, 3, 1, 1, 34, 1, 207, 1, 1]
b_y        [1583, 1584, 75, 8, 91, 1571, 891, 88, 2357, 102, 426, 53, 4, 317, 161, 10, 291, 13, 801, 438, 393, 1, 1]
******************************
epoch   12 batch number 6 loss is:  6.418886184692383
prediction [14, 160, 620, 94, 89, 1, 1]
b_y        [140, 446, 620, 923, 447, 1, 1]
******************************
epoch   13 batch number 0 loss is:  5.545672416687012
finish  save model
prediction [28, 12, 340, 395, 2, 39, 39, 258, 92, 158, 81, 1, 3, 1, 1, 1]
b_y        [1266, 182, 42, 556, 810, 264, 1679, 811, 136, 346, 81, 1680, 37, 1681, 1, 1]
******************************
epoch   13 batch number 1 loss is:  6.2377610206604
prediction [14, 160, 246, 39, 57, 123, 39, 1, 1, 1, 1, 1, 1, 1, 1, 252, 92, 1, 1, 179, 1, 1]
b_y        [471, 145, 495, 2, 1817, 373, 1357, 273, 25, 52, 58, 846, 99, 1360, 197, 1818, 672, 240, 1361, 228, 1, 1]
******************************
epoch   13 batch number 2 loss is:  6.479039669036865
prediction [14, 3, 45, 30, 12, 12, 123, 92, 92, 2, 318, 164, 2, 1, 1, 201, 8, 1, 30, 4, 1, 1]
b_y        [1095, 274, 776, 131, 1108, 295, 1428, 999, 92, 893, 148, 844, 5, 3, 278, 1429, 821, 30, 664, 1121, 1, 1]
******************************
epoch   13 batch number 3 loss is:  6.34902811050415
prediction [14, 63, 21, 1, 3, 24, 1, 3, 1, 16, 16, 3, 3, 103, 154, 1, 92, 92, 114, 1, 1, 1]
b_y        [84, 87, 2032, 67, 1499, 490, 55, 370, 2, 590, 1157, 1157, 478, 2033, 132, 355, 355, 6, 209, 54, 1, 1]
******************************
epoch   13 batch number 4 loss is:  6.465627193450928
prediction [14, 203, 617, 92, 50, 92, 92, 243, 50, 42, 4, 24, 24, 1, 16, 3, 103, 1, 16, 6, 1, 1]
b_y        [997, 998, 1148, 1149, 1164, 106, 406, 17, 2, 403, 81, 268, 1294, 571, 291, 2210, 264, 117, 573, 439, 1, 1]
******************************
epoch   13 batch number 5 loss is:  6.294177055358887
prediction [14, 63, 2, 30, 2, 2, 2, 1, 3, 1, 3, 3, 1, 1, 1, 3, 1, 1, 3, 1, 148, 1, 1]
b_y        [1583, 1584, 75, 8, 91, 1571, 891, 88, 2357, 102, 426, 53, 4, 317, 161, 10, 291, 13, 801, 438, 393, 1, 1]
******************************
epoch   13 batch number 6 loss is:  6.322160720825195
prediction [14, 203, 620, 94, 164, 1, 1]
b_y        [140, 446, 620, 923, 447, 1, 1]
******************************
epoch   14 batch number 0 loss is:  5.50547981262207
finish  save model
prediction [27, 109, 2, 89, 13, 2, 3, 3, 16, 1, 1, 1, 59, 1, 1, 1]
b_y        [1266, 182, 42, 556, 810, 264, 1679, 811, 136, 346, 81, 1680, 37, 1681, 1, 1]
******************************
epoch   14 batch number 1 loss is:  6.292248249053955
prediction [14, 145, 246, 2, 42, 24, 39, 39, 1, 31, 1, 1, 1, 1, 218, 252, 218, 1, 1, 252, 1, 1]
b_y        [471, 145, 495, 2, 1817, 373, 1357, 273, 25, 52, 58, 846, 99, 1360, 197, 1818, 672, 240, 1361, 228, 1, 1]
******************************
epoch   14 batch number 2 loss is:  6.408724308013916
prediction [14, 11, 45, 131, 160, 57, 92, 92, 92, 1, 253, 1, 1, 1, 1, 14, 92, 1, 1, 92, 1, 1]
b_y        [1095, 274, 776, 131, 1108, 295, 1428, 999, 92, 893, 148, 844, 5, 3, 278, 1429, 821, 30, 664, 1121, 1, 1]
******************************
epoch   14 batch number 3 loss is:  6.298294544219971
prediction [14, 8, 21, 13, 3, 24, 2, 3, 2, 42, 16, 49, 3, 8, 154, 1, 92, 138, 114, 124, 1, 1]
b_y        [84, 87, 2032, 67, 1499, 490, 55, 370, 2, 590, 1157, 1157, 478, 2033, 132, 355, 355, 6, 209, 54, 1, 1]
******************************
epoch   14 batch number 4 loss is:  6.419094562530518
prediction [14, 169, 617, 92, 50, 92, 123, 24, 2, 16, 50, 179, 46, 46, 16, 48, 103, 1, 16, 1, 1, 1]
b_y        [997, 998, 1148, 1149, 1164, 106, 406, 17, 2, 403, 81, 268, 1294, 571, 291, 2210, 264, 117, 573, 439, 1, 1]
******************************
epoch   14 batch number 5 loss is:  6.224034309387207
prediction [14, 16, 2, 121, 2, 3, 2, 16, 3, 16, 3, 2, 2, 16, 1, 3, 3, 2, 3, 16, 207, 1, 1]
b_y        [1583, 1584, 75, 8, 91, 1571, 891, 88, 2357, 102, 426, 53, 4, 317, 161, 10, 291, 13, 801, 438, 393, 1, 1]
******************************
epoch   14 batch number 6 loss is:  6.289313316345215
prediction [14, 145, 620, 94, 103, 1, 1]
b_y        [140, 446, 620, 923, 447, 1, 1]
******************************
epoch   15 batch number 0 loss is:  5.3820013999938965
finish  save model
prediction [7, 12, 25, 395, 13, 923, 243, 92, 92, 304, 10, 1, 3, 1, 1, 1]
b_y        [1266, 182, 42, 556, 810, 264, 1679, 811, 136, 346, 81, 1680, 37, 1681, 1, 1]
******************************
epoch   15 batch number 1 loss is:  6.105218410491943
prediction [14, 420, 620, 2, 42, 24, 2, 1, 1, 1, 1, 1, 1, 1, 46, 207, 138, 1, 1, 31, 1, 1]
b_y        [471, 145, 495, 2, 1817, 373, 1357, 273, 25, 52, 58, 846, 99, 1360, 197, 1818, 672, 240, 1361, 228, 1, 1]
******************************
epoch   15 batch number 2 loss is:  6.329740047454834
prediction [14, 274, 145, 131, 160, 57, 92, 92, 92, 90, 396, 164, 1, 1, 1, 92, 27, 1, 1, 92, 1, 1]
b_y        [1095, 274, 776, 131, 1108, 295, 1428, 999, 92, 893, 148, 844, 5, 3, 278, 1429, 821, 30, 664, 1121, 1, 1]
******************************
epoch   15 batch number 3 loss is:  6.171302318572998
prediction [14, 63, 2, 13, 11, 24, 2, 176, 2, 42, 16, 49, 24, 8, 3, 1, 92, 92, 114, 124, 1, 1]
b_y        [84, 87, 2032, 67, 1499, 490, 55, 370, 2, 590, 1157, 1157, 478, 2033, 132, 355, 355, 6, 209, 54, 1, 1]
******************************
epoch   15 batch number 4 loss is:  6.370744705200195
prediction [14, 203, 617, 425, 50, 46, 123, 24, 2, 16, 50, 179, 71, 46, 16, 24, 179, 1, 46, 1, 1, 1]
b_y        [997, 998, 1148, 1149, 1164, 106, 406, 17, 2, 403, 81, 268, 1294, 571, 291, 2210, 264, 117, 573, 439, 1, 1]
******************************
epoch   15 batch number 5 loss is:  6.142726421356201
prediction [14, 203, 2, 16, 2, 2, 2, 16, 31, 16, 27, 1, 1, 1, 1, 14, 1, 1, 1, 1, 148, 1, 1]
b_y        [1583, 1584, 75, 8, 91, 1571, 891, 88, 2357, 102, 426, 53, 4, 317, 161, 10, 291, 13, 801, 438, 393, 1, 1]
******************************
epoch   15 batch number 6 loss is:  6.163821697235107
prediction [14, 169, 620, 141, 94, 1, 1]
b_y        [140, 446, 620, 923, 447, 1, 1]
******************************
epoch   16 batch number 0 loss is:  5.233290195465088
finish  save model
prediction [27, 203, 964, 145, 74, 46, 39, 413, 123, 137, 81, 1, 59, 1, 1, 1]
b_y        [1266, 182, 42, 556, 810, 264, 1679, 811, 136, 346, 81, 1680, 37, 1681, 1, 1]
******************************
epoch   16 batch number 1 loss is:  6.025331974029541
prediction [14, 145, 808, 2, 57, 123, 46, 2, 2, 14, 2, 1, 1, 1, 46, 39, 138, 19, 81, 10, 1, 1]
b_y        [471, 145, 495, 2, 1817, 373, 1357, 273, 25, 52, 58, 846, 99, 1360, 197, 1818, 672, 240, 1361, 228, 1, 1]
******************************
epoch   16 batch number 2 loss is:  6.27162504196167
prediction [14, 3, 45, 16, 46, 42, 92, 138, 137, 58, 201, 1, 1, 1, 1, 14, 27, 1, 1, 203, 1, 1]
b_y        [1095, 274, 776, 131, 1108, 295, 1428, 999, 92, 893, 148, 844, 5, 3, 278, 1429, 821, 30, 664, 1121, 1, 1]
******************************
epoch   16 batch number 3 loss is:  6.080872535705566
prediction [14, 63, 21, 13, 3, 281, 13, 176, 11, 42, 123, 49, 281, 88, 3, 103, 92, 160, 201, 124, 1, 1]
b_y        [84, 87, 2032, 67, 1499, 490, 55, 370, 2, 590, 1157, 1157, 478, 2033, 132, 355, 355, 6, 209, 54, 1, 1]
******************************
epoch   16 batch number 4 loss is:  6.2535929679870605
prediction [14, 131, 617, 1149, 50, 123, 123, 24, 15, 16, 50, 179, 71, 1, 16, 3, 126, 1, 1, 1, 1, 1]
b_y        [997, 998, 1148, 1149, 1164, 106, 406, 17, 2, 403, 81, 268, 1294, 571, 291, 2210, 264, 117, 573, 439, 1, 1]
******************************
epoch   16 batch number 5 loss is:  6.078824996948242
prediction [14, 16, 2, 16, 5, 193, 29, 71, 31, 16, 27, 38, 1, 7, 1, 3, 152, 1, 48, 16, 207, 1, 1]
b_y        [1583, 1584, 75, 8, 91, 1571, 891, 88, 2357, 102, 426, 53, 4, 317, 161, 10, 291, 13, 801, 438, 393, 1, 1]
******************************
epoch   16 batch number 6 loss is:  6.065456867218018
prediction [14, 145, 620, 94, 103, 1, 1]
b_y        [140, 446, 620, 923, 447, 1, 1]
******************************
epoch   17 batch number 0 loss is:  5.072346210479736
finish  save model
prediction [7, 12, 388, 249, 13, 409, 24, 413, 123, 158, 81, 179, 59, 1, 1, 1]
b_y        [1266, 182, 42, 556, 810, 264, 1679, 811, 136, 346, 81, 1680, 37, 1681, 1, 1]
******************************
epoch   17 batch number 1 loss is:  5.929911136627197
prediction [14, 160, 281, 2, 57, 123, 90, 1, 25, 1, 1, 1, 1, 1, 138, 138, 138, 36, 76, 34, 1, 1]
b_y        [471, 145, 495, 2, 1817, 373, 1357, 273, 25, 52, 58, 846, 99, 1360, 197, 1818, 672, 240, 1361, 228, 1, 1]
******************************
epoch   17 batch number 2 loss is:  6.105371952056885
prediction [14, 3, 81, 131, 46, 8, 103, 314, 92, 13, 396, 164, 1, 1, 1, 245, 92, 4, 56, 75, 1, 1]
b_y        [1095, 274, 776, 131, 1108, 295, 1428, 999, 92, 893, 148, 844, 5, 3, 278, 1429, 821, 30, 664, 1121, 1, 1]
******************************
epoch   17 batch number 3 loss is:  5.943397521972656
prediction [14, 63, 21, 13, 67, 282, 57, 176, 2, 16, 123, 16, 24, 46, 3, 88, 92, 138, 209, 1, 1, 1]
b_y        [84, 87, 2032, 67, 1499, 490, 55, 370, 2, 590, 1157, 1157, 478, 2033, 132, 355, 355, 6, 209, 54, 1, 1]
******************************
epoch   17 batch number 4 loss is:  6.103572368621826
prediction [14, 160, 617, 160, 802, 46, 20, 784, 50, 42, 10, 179, 24, 57, 16, 3, 103, 1, 16, 130, 1, 1]
b_y        [997, 998, 1148, 1149, 1164, 106, 406, 17, 2, 403, 81, 268, 1294, 571, 291, 2210, 264, 117, 573, 439, 1, 1]
******************************
epoch   17 batch number 5 loss is:  5.9748101234436035
prediction [14, 178, 2, 16, 91, 50, 3, 71, 71, 16, 71, 80, 1, 1, 1, 3, 1, 1, 70, 1, 148, 1, 1]
b_y        [1583, 1584, 75, 8, 91, 1571, 891, 88, 2357, 102, 426, 53, 4, 317, 161, 10, 291, 13, 801, 438, 393, 1, 1]
******************************
epoch   17 batch number 6 loss is:  6.025796413421631
prediction [14, 160, 620, 923, 243, 1, 1]
b_y        [140, 446, 620, 923, 447, 1, 1]
******************************
epoch   18 batch number 0 loss is:  4.939051628112793
finish  save model
prediction [7, 5, 340, 145, 50, 46, 71, 16, 123, 137, 81, 1, 59, 1, 1, 1]
b_y        [1266, 182, 42, 556, 810, 264, 1679, 811, 136, 346, 81, 1680, 37, 1681, 1, 1]
******************************
epoch   18 batch number 1 loss is:  5.76664924621582
prediction [14, 145, 281, 2, 42, 24, 2, 39, 1, 1, 1, 1, 1, 1, 138, 138, 138, 42, 287, 59, 1, 1]
b_y        [471, 145, 495, 2, 1817, 373, 1357, 273, 25, 52, 58, 846, 99, 1360, 197, 1818, 672, 240, 1361, 228, 1, 1]
******************************
epoch   18 batch number 2 loss is:  6.0004167556762695
prediction [14, 12, 145, 131, 835, 57, 92, 314, 92, 90, 396, 164, 2, 1, 1, 146, 174, 4, 56, 35, 1, 1]
b_y        [1095, 274, 776, 131, 1108, 295, 1428, 999, 92, 893, 148, 844, 5, 3, 278, 1429, 821, 30, 664, 1121, 1, 1]
******************************
epoch   18 batch number 3 loss is:  5.850118160247803
prediction [14, 4, 2, 50, 3, 282, 8, 179, 2, 16, 46, 49, 24, 88, 132, 103, 318, 138, 154, 124, 1, 1]
b_y        [84, 87, 2032, 67, 1499, 490, 55, 370, 2, 590, 1157, 1157, 478, 2033, 132, 355, 355, 6, 209, 54, 1, 1]
******************************
epoch   18 batch number 4 loss is:  5.999095916748047
prediction [14, 160, 617, 1149, 802, 46, 160, 24, 2, 42, 161, 179, 71, 46, 16, 24, 103, 1, 16, 1, 1, 1]
b_y        [997, 998, 1148, 1149, 1164, 106, 406, 17, 2, 403, 81, 268, 1294, 571, 291, 2210, 264, 117, 573, 439, 1, 1]
******************************
epoch   18 batch number 5 loss is:  5.847268104553223
prediction [14, 16, 2, 16, 13, 193, 29, 13, 3, 16, 91, 26, 4, 260, 52, 3, 24, 2, 3, 19, 189, 1, 1]
b_y        [1583, 1584, 75, 8, 91, 1571, 891, 88, 2357, 102, 426, 53, 4, 317, 161, 10, 291, 13, 801, 438, 393, 1, 1]
******************************
epoch   18 batch number 6 loss is:  5.858950138092041
prediction [14, 160, 620, 923, 232, 1, 1]
b_y        [140, 446, 620, 923, 447, 1, 1]
******************************
epoch   19 batch number 0 loss is:  4.782196998596191
finish  save model
prediction [7, 203, 191, 924, 802, 927, 243, 413, 123, 137, 81, 1, 59, 12, 1, 1]
b_y        [1266, 182, 42, 556, 810, 264, 1679, 811, 136, 346, 81, 1680, 37, 1681, 1, 1]
******************************
epoch   19 batch number 1 loss is:  5.656132698059082
prediction [14, 224, 808, 5, 42, 89, 2, 1, 1, 1, 1, 1, 1, 1, 92, 138, 138, 18, 91, 59, 1, 1]
b_y        [471, 145, 495, 2, 1817, 373, 1357, 273, 25, 52, 58, 846, 99, 1360, 197, 1818, 672, 240, 1361, 228, 1, 1]
******************************
epoch   19 batch number 2 loss is:  5.8961405754089355
prediction [14, 12, 123, 131, 46, 8, 92, 413, 103, 20, 246, 179, 28, 11, 1, 146, 203, 30, 56, 92, 1, 1]
b_y        [1095, 274, 776, 131, 1108, 295, 1428, 999, 92, 893, 148, 844, 5, 3, 278, 1429, 821, 30, 664, 1121, 1, 1]
******************************
epoch   19 batch number 3 loss is:  5.712782859802246
prediction [14, 63, 21, 13, 67, 282, 15, 176, 2, 42, 127, 49, 24, 88, 3, 88, 92, 138, 114, 1, 1, 1]
b_y        [84, 87, 2032, 67, 1499, 490, 55, 370, 2, 590, 1157, 1157, 478, 2033, 132, 355, 355, 6, 209, 54, 1, 1]
******************************
epoch   19 batch number 4 loss is:  5.912011623382568
prediction [14, 169, 617, 1149, 360, 46, 46, 24, 2, 16, 81, 179, 71, 46, 137, 101, 103, 1, 128, 130, 1, 1]
b_y        [997, 998, 1148, 1149, 1164, 106, 406, 17, 2, 403, 81, 268, 1294, 571, 291, 2210, 264, 117, 573, 439, 1, 1]
******************************
epoch   19 batch number 5 loss is:  5.713495254516602
prediction [14, 203, 2, 30, 193, 554, 21, 145, 71, 16, 91, 38, 4, 7, 1, 3, 21, 1, 70, 55, 303, 1, 1]
b_y        [1583, 1584, 75, 8, 91, 1571, 891, 88, 2357, 102, 426, 53, 4, 317, 161, 10, 291, 13, 801, 438, 393, 1, 1]
******************************
epoch   19 batch number 6 loss is:  5.724895477294922
prediction [14, 169, 620, 923, 71, 1, 1]
b_y        [140, 446, 620, 923, 447, 1, 1]
******************************
epoch   20 batch number 0 loss is:  4.695396423339844
finish  save model
prediction [27, 75, 964, 388, 13, 354, 152, 27, 123, 232, 81, 1, 37, 1, 1, 1]
b_y        [1266, 182, 42, 556, 810, 264, 1679, 811, 136, 346, 81, 1680, 37, 1681, 1, 1]
******************************
epoch   20 batch number 1 loss is:  5.589323997497559
prediction [14, 409, 495, 2, 42, 92, 137, 2, 2, 14, 1, 1, 1, 1, 137, 586, 137, 19, 91, 59, 1, 1]
b_y        [471, 145, 495, 2, 1817, 373, 1357, 273, 25, 52, 58, 846, 99, 1360, 197, 1818, 672, 240, 1361, 228, 1, 1]
******************************
epoch   20 batch number 2 loss is:  5.787883281707764
prediction [14, 207, 338, 131, 232, 8, 158, 314, 92, 72, 148, 59, 1, 1, 1, 146, 92, 30, 56, 35, 1, 1]
b_y        [1095, 274, 776, 131, 1108, 295, 1428, 999, 92, 893, 148, 844, 5, 3, 278, 1429, 821, 30, 664, 1121, 1, 1]
******************************
epoch   20 batch number 3 loss is:  5.590051174163818
prediction [14, 63, 21, 13, 148, 342, 13, 201, 2, 30, 46, 46, 24, 88, 154, 88, 92, 164, 376, 313, 1, 1]
b_y        [84, 87, 2032, 67, 1499, 490, 55, 370, 2, 590, 1157, 1157, 478, 2033, 132, 355, 355, 6, 209, 54, 1, 1]
******************************
epoch   20 batch number 4 loss is:  5.808354377746582
prediction [14, 160, 35, 1149, 360, 123, 160, 495, 50, 42, 81, 179, 16, 1, 16, 12, 103, 1, 1, 1, 1, 1]
b_y        [997, 998, 1148, 1149, 1164, 106, 406, 17, 2, 403, 81, 268, 1294, 571, 291, 2210, 264, 117, 573, 439, 1, 1]
******************************
epoch   20 batch number 5 loss is:  5.645546913146973
prediction [14, 16, 75, 30, 91, 7, 282, 67, 91, 19, 242, 152, 2, 22, 161, 3, 409, 8, 70, 35, 218, 1, 1]
b_y        [1583, 1584, 75, 8, 91, 1571, 891, 88, 2357, 102, 426, 53, 4, 317, 161, 10, 291, 13, 801, 438, 393, 1, 1]
******************************
epoch   20 batch number 6 loss is:  5.667726516723633
prediction [14, 160, 620, 923, 37, 1, 1]
b_y        [140, 446, 620, 923, 447, 1, 1]
******************************
epoch   21 batch number 0 loss is:  4.495372772216797
finish  save model
prediction [7, 12, 16, 395, 207, 64, 413, 413, 123, 232, 81, 179, 37, 359, 1, 1]
b_y        [1266, 182, 42, 556, 810, 264, 1679, 811, 136, 346, 81, 1680, 37, 1681, 1, 1]
******************************
epoch   21 batch number 1 loss is:  5.471767425537109
prediction [14, 409, 495, 2, 42, 395, 90, 1, 1, 1, 1, 1, 1, 1, 218, 586, 138, 18, 21, 228, 1, 1]
b_y        [471, 145, 495, 2, 1817, 373, 1357, 273, 25, 52, 58, 846, 99, 1360, 197, 1818, 672, 240, 1361, 228, 1, 1]
******************************
epoch   21 batch number 2 loss is:  5.674571990966797
prediction [14, 3, 81, 131, 160, 57, 92, 314, 92, 90, 201, 164, 2, 1, 1, 114, 8, 30, 56, 35, 1, 1]
b_y        [1095, 274, 776, 131, 1108, 295, 1428, 999, 92, 893, 148, 844, 5, 3, 278, 1429, 821, 30, 664, 1121, 1, 1]
******************************
epoch   21 batch number 3 loss is:  5.474703788757324
prediction [14, 87, 21, 13, 148, 342, 67, 115, 2, 16, 46, 49, 281, 46, 132, 88, 138, 138, 209, 126, 1, 1]
b_y        [84, 87, 2032, 67, 1499, 490, 55, 370, 2, 590, 1157, 1157, 478, 2033, 132, 355, 355, 6, 209, 54, 1, 1]
******************************
epoch   21 batch number 4 loss is:  5.696138381958008
prediction [14, 886, 954, 1149, 72, 46, 174, 86, 2, 42, 81, 46, 12, 46, 16, 46, 46, 2, 16, 130, 1, 1]
b_y        [997, 998, 1148, 1149, 1164, 106, 406, 17, 2, 403, 81, 268, 1294, 571, 291, 2210, 264, 117, 573, 439, 1, 1]
******************************
epoch   21 batch number 5 loss is:  5.490520477294922
prediction [14, 203, 75, 30, 91, 104, 238, 238, 71, 16, 242, 80, 4, 260, 1, 3, 91, 1, 3, 4, 303, 1, 1]
b_y        [1583, 1584, 75, 8, 91, 1571, 891, 88, 2357, 102, 426, 53, 4, 317, 161, 10, 291, 13, 801, 438, 393, 1, 1]
******************************
epoch   21 batch number 6 loss is:  5.6023383140563965
prediction [14, 145, 620, 923, 33, 1, 1]
b_y        [140, 446, 620, 923, 447, 1, 1]
******************************
epoch   22 batch number 0 loss is:  4.4491682052612305
finish  save model
prediction [7, 725, 28, 1204, 207, 354, 71, 81, 123, 164, 81, 1, 37, 359, 1, 1]
b_y        [1266, 182, 42, 556, 810, 264, 1679, 811, 136, 346, 81, 1680, 37, 1681, 1, 1]
******************************
epoch   22 batch number 1 loss is:  5.286957740783691
prediction [14, 145, 495, 2, 30, 203, 197, 2, 25, 10, 1, 1, 1, 385, 197, 123, 197, 18, 1232, 228, 1, 1]
b_y        [471, 145, 495, 2, 1817, 373, 1357, 273, 25, 52, 58, 846, 99, 1360, 197, 1818, 672, 240, 1361, 228, 1, 1]
******************************
epoch   22 batch number 2 loss is:  5.496929168701172
prediction [14, 207, 338, 131, 33, 243, 835, 314, 174, 39, 201, 179, 1, 1, 1, 146, 174, 4, 56, 35, 1, 1]
b_y        [1095, 274, 776, 131, 1108, 295, 1428, 999, 92, 893, 148, 844, 5, 3, 278, 1429, 821, 30, 664, 1121, 1, 1]
******************************
epoch   22 batch number 3 loss is:  5.385550022125244
prediction [14, 87, 21, 67, 225, 342, 13, 115, 2, 30, 135, 49, 24, 88, 132, 68, 586, 232, 209, 126, 1, 1]
b_y        [84, 87, 2032, 67, 1499, 490, 55, 370, 2, 590, 1157, 1157, 478, 2033, 132, 355, 355, 6, 209, 54, 1, 1]
******************************
epoch   22 batch number 4 loss is:  5.574563026428223
prediction [14, 160, 954, 1149, 802, 46, 90, 148, 2, 42, 81, 179, 46, 161, 46, 126, 103, 1, 1, 130, 1, 1]
b_y        [997, 998, 1148, 1149, 1164, 106, 406, 17, 2, 403, 81, 268, 1294, 571, 291, 2210, 264, 117, 573, 439, 1, 1]
******************************
epoch   22 batch number 5 loss is:  5.361577033996582
prediction [14, 16, 75, 16, 120, 35, 21, 47, 27, 19, 128, 8, 4, 260, 52, 3, 24, 13, 359, 4, 303, 1, 1]
b_y        [1583, 1584, 75, 8, 91, 1571, 891, 88, 2357, 102, 426, 53, 4, 317, 161, 10, 291, 13, 801, 438, 393, 1, 1]
******************************
epoch   22 batch number 6 loss is:  5.375560760498047
prediction [14, 145, 620, 923, 376, 1, 1]
b_y        [140, 446, 620, 923, 447, 1, 1]
******************************
epoch   23 batch number 0 loss is:  4.268596649169922
finish  save model
prediction [27, 203, 388, 249, 207, 39, 123, 33, 123, 123, 81, 99, 37, 203, 1, 1]
b_y        [1266, 182, 42, 556, 810, 264, 1679, 811, 136, 346, 81, 1680, 37, 1681, 1, 1]
******************************
epoch   23 batch number 1 loss is:  5.2167768478393555
prediction [14, 145, 495, 2, 30, 359, 58, 234, 25, 14, 1, 1, 1, 279, 197, 586, 138, 18, 1232, 228, 1, 1]
b_y        [471, 145, 495, 2, 1817, 373, 1357, 273, 25, 52, 58, 846, 99, 1360, 197, 1818, 672, 240, 1361, 228, 1, 1]
******************************
epoch   23 batch number 2 loss is:  5.333176136016846
prediction [14, 274, 338, 131, 33, 51, 835, 314, 92, 90, 39, 164, 28, 3, 1, 146, 203, 30, 56, 55, 1, 1]
b_y        [1095, 274, 776, 131, 1108, 295, 1428, 999, 92, 893, 148, 844, 5, 3, 278, 1429, 821, 30, 664, 1121, 1, 1]
******************************
epoch   23 batch number 3 loss is:  5.17588996887207
prediction [14, 87, 21, 67, 148, 342, 17, 201, 2, 30, 56, 49, 24, 46, 132, 88, 138, 139, 209, 126, 1, 1]
b_y        [84, 87, 2032, 67, 1499, 490, 55, 370, 2, 590, 1157, 1157, 478, 2033, 132, 355, 355, 6, 209, 54, 1, 1]
******************************
epoch   23 batch number 4 loss is:  5.439481735229492
prediction [14, 886, 954, 1149, 72, 46, 174, 148, 2, 123, 81, 179, 19, 161, 46, 46, 46, 15, 1, 312, 1, 1]
b_y        [997, 998, 1148, 1149, 1164, 106, 406, 17, 2, 403, 81, 268, 1294, 571, 291, 2210, 264, 117, 573, 439, 1, 1]
******************************
epoch   23 batch number 5 loss is:  5.178287982940674
prediction [14, 127, 75, 30, 115, 7, 316, 145, 71, 16, 282, 104, 4, 260, 1, 3, 91, 3, 385, 55, 303, 1, 1]
b_y        [1583, 1584, 75, 8, 91, 1571, 891, 88, 2357, 102, 426, 53, 4, 317, 161, 10, 291, 13, 801, 438, 393, 1, 1]
******************************
epoch   23 batch number 6 loss is:  5.250542640686035
prediction [27, 145, 620, 923, 232, 1, 1]
b_y        [140, 446, 620, 923, 447, 1, 1]
******************************
epoch   24 batch number 0 loss is:  4.095621109008789
finish  save model
prediction [7, 954, 42, 207, 207, 46, 802, 413, 123, 46, 81, 88, 37, 203, 1, 1]
b_y        [1266, 182, 42, 556, 810, 264, 1679, 811, 136, 346, 81, 1680, 37, 1681, 1, 1]
******************************
epoch   24 batch number 1 loss is:  5.023225784301758
prediction [14, 145, 495, 2, 42, 186, 135, 2, 25, 144, 1, 1, 1, 197, 218, 586, 137, 19, 188, 228, 1, 1]
b_y        [471, 145, 495, 2, 1817, 373, 1357, 273, 25, 52, 58, 846, 99, 1360, 197, 1818, 672, 240, 1361, 228, 1, 1]
******************************
epoch   24 batch number 2 loss is:  5.215490818023682
prediction [14, 274, 338, 131, 56, 46, 92, 314, 92, 90, 39, 341, 1, 1, 1, 146, 203, 30, 56, 35, 1, 1]
b_y        [1095, 274, 776, 131, 1108, 295, 1428, 999, 92, 893, 148, 844, 5, 3, 278, 1429, 821, 30, 664, 1121, 1, 1]
******************************
epoch   24 batch number 3 loss is:  5.022587776184082
prediction [14, 87, 21, 67, 148, 33, 67, 115, 2, 42, 191, 49, 478, 313, 132, 88, 191, 376, 209, 313, 9, 1]
b_y        [84, 87, 2032, 67, 1499, 490, 55, 370, 2, 590, 1157, 1157, 478, 2033, 132, 355, 355, 6, 209, 54, 1, 1]
******************************
epoch   24 batch number 4 loss is:  5.313284873962402
prediction [14, 224, 35, 1149, 204, 106, 90, 148, 2, 42, 81, 179, 19, 46, 137, 101, 103, 5, 43, 130, 1, 1]
b_y        [997, 998, 1148, 1149, 1164, 106, 406, 17, 2, 403, 81, 268, 1294, 571, 291, 2210, 264, 117, 573, 439, 1, 1]
******************************
epoch   24 batch number 5 loss is:  5.043261528015137
prediction [14, 16, 75, 30, 91, 45, 65, 145, 91, 26, 394, 104, 4, 260, 161, 3, 409, 13, 120, 35, 303, 1, 1]
b_y        [1583, 1584, 75, 8, 91, 1571, 891, 88, 2357, 102, 426, 53, 4, 317, 161, 10, 291, 13, 801, 438, 393, 1, 1]
******************************
epoch   24 batch number 6 loss is:  5.057790756225586
prediction [27, 160, 620, 923, 416, 1, 1]
b_y        [140, 446, 620, 923, 447, 1, 1]
******************************
epoch   25 batch number 0 loss is:  3.945432424545288
finish  save model
prediction [27, 203, 388, 1214, 207, 185, 448, 33, 123, 232, 81, 88, 37, 203, 1, 1]
b_y        [1266, 182, 42, 556, 810, 264, 1679, 811, 136, 346, 81, 1680, 37, 1681, 1, 1]
******************************
epoch   25 batch number 1 loss is:  4.89614725112915
prediction [14, 145, 495, 2, 57, 203, 90, 2, 25, 52, 1, 1, 1, 385, 197, 586, 138, 96, 257, 228, 1, 1]
b_y        [471, 145, 495, 2, 1817, 373, 1357, 273, 25, 52, 58, 846, 99, 1360, 197, 1818, 672, 240, 1361, 228, 1, 1]
******************************
epoch   25 batch number 2 loss is:  5.0545172691345215
prediction [14, 274, 338, 131, 139, 413, 92, 314, 92, 90, 39, 179, 9, 3, 1, 130, 106, 30, 56, 75, 1, 1]
b_y        [1095, 274, 776, 131, 1108, 295, 1428, 999, 92, 893, 148, 844, 5, 3, 278, 1429, 821, 30, 664, 1121, 1, 1]
******************************
epoch   25 batch number 3 loss is:  4.904906272888184
prediction [14, 87, 21, 67, 67, 409, 55, 125, 2, 96, 58, 46, 478, 313, 132, 88, 138, 138, 209, 313, 1, 1]
b_y        [84, 87, 2032, 67, 1499, 490, 55, 370, 2, 590, 1157, 1157, 478, 2033, 132, 355, 355, 6, 209, 54, 1, 1]
******************************
epoch   25 batch number 4 loss is:  5.221000671386719
prediction [14, 886, 1270, 1149, 72, 106, 174, 111, 2, 42, 81, 114, 71, 161, 43, 46, 46, 5, 43, 85, 1, 1]
b_y        [997, 998, 1148, 1149, 1164, 106, 406, 17, 2, 403, 81, 268, 1294, 571, 291, 2210, 264, 117, 573, 439, 1, 1]
******************************
epoch   25 batch number 5 loss is:  4.928359508514404
prediction [14, 178, 75, 30, 91, 193, 316, 145, 71, 106, 91, 104, 4, 260, 161, 3, 91, 13, 12, 35, 303, 1, 1]
b_y        [1583, 1584, 75, 8, 91, 1571, 891, 88, 2357, 102, 426, 53, 4, 317, 161, 10, 291, 13, 801, 438, 393, 1, 1]
******************************
epoch   25 batch number 6 loss is:  4.922898292541504
prediction [27, 160, 620, 923, 119, 1, 1]
b_y        [140, 446, 620, 923, 447, 1, 1]
******************************
epoch   26 batch number 0 loss is:  3.7789645195007324
finish  save model
prediction [7, 8, 42, 634, 33, 304, 46, 33, 123, 123, 81, 385, 37, 385, 1, 1]
b_y        [1266, 182, 42, 556, 810, 264, 1679, 811, 136, 346, 81, 1680, 37, 1681, 1, 1]
******************************
epoch   26 batch number 1 loss is:  4.7920637130737305
prediction [14, 145, 495, 2, 57, 92, 90, 29, 25, 157, 1, 1, 1, 385, 197, 586, 1317, 123, 188, 228, 1, 1]
b_y        [471, 145, 495, 2, 1817, 373, 1357, 273, 25, 52, 58, 846, 99, 1360, 197, 1818, 672, 240, 1361, 228, 1, 1]
******************************
epoch   26 batch number 2 loss is:  4.907685279846191
prediction [14, 274, 776, 131, 56, 169, 314, 314, 92, 90, 39, 179, 1, 3, 1, 130, 203, 30, 56, 35, 1, 1]
b_y        [1095, 274, 776, 131, 1108, 295, 1428, 999, 92, 893, 148, 844, 5, 3, 278, 1429, 821, 30, 664, 1121, 1, 1]
******************************
epoch   26 batch number 3 loss is:  4.754457950592041
prediction [14, 87, 283, 67, 268, 409, 13, 126, 2, 30, 244, 46, 478, 313, 132, 653, 197, 376, 209, 126, 1, 1]
b_y        [84, 87, 2032, 67, 1499, 490, 55, 370, 2, 590, 1157, 1157, 478, 2033, 132, 355, 355, 6, 209, 54, 1, 1]
******************************
epoch   26 batch number 4 loss is:  5.107808589935303
prediction [14, 160, 954, 1149, 802, 106, 90, 148, 2, 123, 81, 268, 12, 125, 57, 137, 46, 15, 18, 112, 1, 1]
b_y        [997, 998, 1148, 1149, 1164, 106, 406, 17, 2, 403, 81, 268, 1294, 571, 291, 2210, 264, 117, 573, 439, 1, 1]
******************************
epoch   26 batch number 5 loss is:  4.864114284515381
prediction [14, 508, 75, 30, 91, 71, 316, 104, 71, 238, 282, 26, 4, 91, 67, 3, 24, 64, 385, 56, 303, 1, 1]
b_y        [1583, 1584, 75, 8, 91, 1571, 891, 88, 2357, 102, 426, 53, 4, 317, 161, 10, 291, 13, 801, 438, 393, 1, 1]
******************************
epoch   26 batch number 6 loss is:  4.864968299865723
prediction [14, 102, 620, 923, 55, 1, 1]
b_y        [140, 446, 620, 923, 447, 1, 1]
******************************
epoch   27 batch number 0 loss is:  3.6383426189422607
finish  save model
prediction [27, 88, 42, 98, 207, 175, 46, 119, 123, 123, 81, 145, 37, 203, 1, 1]
b_y        [1266, 182, 42, 556, 810, 264, 1679, 811, 136, 346, 81, 1680, 37, 1681, 1, 1]
******************************
epoch   27 batch number 1 loss is:  4.638859748840332
prediction [14, 145, 495, 2, 96, 203, 43, 2, 25, 34, 1, 1, 1, 385, 197, 586, 138, 72, 197, 228, 1, 1]
b_y        [471, 145, 495, 2, 1817, 373, 1357, 273, 25, 52, 58, 846, 99, 1360, 197, 1818, 672, 240, 1361, 228, 1, 1]
******************************
epoch   27 batch number 2 loss is:  4.817099571228027
prediction [14, 274, 776, 131, 35, 119, 314, 314, 92, 90, 39, 179, 5, 3, 94, 130, 203, 30, 56, 35, 1, 1]
b_y        [1095, 274, 776, 131, 1108, 295, 1428, 999, 92, 893, 148, 844, 5, 3, 278, 1429, 821, 30, 664, 1121, 1, 1]
******************************
epoch   27 batch number 3 loss is:  4.647656440734863
prediction [14, 87, 283, 67, 459, 33, 55, 115, 2, 42, 137, 300, 478, 313, 132, 33, 138, 209, 39, 39, 1, 1]
b_y        [84, 87, 2032, 67, 1499, 490, 55, 370, 2, 590, 1157, 1157, 478, 2033, 132, 355, 355, 6, 209, 54, 1, 1]
******************************
epoch   27 batch number 4 loss is:  5.04673433303833
prediction [14, 886, 954, 1149, 954, 106, 604, 148, 2, 16, 81, 268, 19, 46, 82, 101, 103, 117, 1, 279, 1, 1]
b_y        [997, 998, 1148, 1149, 1164, 106, 406, 17, 2, 403, 81, 268, 1294, 571, 291, 2210, 264, 117, 573, 439, 1, 1]
******************************
epoch   27 batch number 5 loss is:  4.732421398162842
prediction [14, 508, 75, 30, 91, 193, 65, 19, 27, 26, 128, 8, 4, 260, 161, 3, 27, 13, 12, 22, 321, 1, 1]
b_y        [1583, 1584, 75, 8, 91, 1571, 891, 88, 2357, 102, 426, 53, 4, 317, 161, 10, 291, 13, 801, 438, 393, 1, 1]
******************************
epoch   27 batch number 6 loss is:  4.713232517242432
prediction [14, 409, 620, 923, 448, 1, 1]
b_y        [140, 446, 620, 923, 447, 1, 1]
******************************
epoch   28 batch number 0 loss is:  3.5794894695281982
finish  save model
prediction [7, 182, 42, 98, 207, 97, 161, 119, 123, 125, 81, 1, 37, 203, 1, 1]
b_y        [1266, 182, 42, 556, 810, 264, 1679, 811, 136, 346, 81, 1680, 37, 1681, 1, 1]
******************************
epoch   28 batch number 1 loss is:  4.515498161315918
prediction [14, 145, 495, 2, 30, 92, 90, 464, 25, 49, 135, 181, 1, 385, 197, 586, 413, 371, 204, 228, 1, 1]
b_y        [471, 145, 495, 2, 1817, 373, 1357, 273, 25, 52, 58, 846, 99, 1360, 197, 1818, 672, 240, 1361, 228, 1, 1]
******************************
epoch   28 batch number 2 loss is:  4.697459697723389
prediction [14, 274, 776, 131, 232, 8, 314, 119, 174, 90, 148, 130, 28, 3, 1, 132, 203, 30, 56, 35, 1, 1]
b_y        [1095, 274, 776, 131, 1108, 295, 1428, 999, 92, 893, 148, 844, 5, 3, 278, 1429, 821, 30, 664, 1121, 1, 1]
******************************
epoch   28 batch number 3 loss is:  4.602499485015869
prediction [14, 87, 97, 67, 268, 409, 55, 125, 2, 42, 127, 49, 478, 46, 132, 653, 197, 81, 39, 313, 1, 1]
b_y        [84, 87, 2032, 67, 1499, 490, 55, 370, 2, 590, 1157, 1157, 478, 2033, 132, 355, 355, 6, 209, 54, 1, 1]
******************************
epoch   28 batch number 4 loss is:  4.880955219268799
prediction [14, 160, 360, 1149, 72, 106, 604, 74, 2, 42, 81, 268, 19, 46, 83, 459, 546, 117, 385, 59, 1, 1]
b_y        [997, 998, 1148, 1149, 1164, 106, 406, 17, 2, 403, 81, 268, 1294, 571, 291, 2210, 264, 117, 573, 439, 1, 1]
******************************
epoch   28 batch number 5 loss is:  4.6164960861206055
prediction [14, 127, 75, 30, 91, 104, 21, 238, 71, 14, 128, 53, 4, 260, 161, 3, 75, 5, 359, 55, 303, 1, 1]
b_y        [1583, 1584, 75, 8, 91, 1571, 891, 88, 2357, 102, 426, 53, 4, 317, 161, 10, 291, 13, 801, 438, 393, 1, 1]
******************************
epoch   28 batch number 6 loss is:  4.68528413772583
prediction [27, 145, 620, 923, 55, 1, 1]
b_y        [140, 446, 620, 923, 447, 1, 1]
******************************
epoch   29 batch number 0 loss is:  3.560913562774658
finish  save model
prediction [27, 182, 42, 634, 207, 371, 161, 119, 123, 123, 81, 88, 37, 385, 1, 1]
b_y        [1266, 182, 42, 556, 810, 264, 1679, 811, 136, 346, 81, 1680, 37, 1681, 1, 1]
******************************
epoch   29 batch number 1 loss is:  4.412719249725342
prediction [14, 145, 495, 2, 30, 735, 90, 2, 25, 52, 1, 207, 1, 385, 197, 586, 1097, 72, 507, 228, 1, 1]
b_y        [471, 145, 495, 2, 1817, 373, 1357, 273, 25, 52, 58, 846, 99, 1360, 197, 1818, 672, 240, 1361, 228, 1, 1]
******************************
epoch   29 batch number 2 loss is:  4.519665241241455
prediction [14, 274, 776, 131, 175, 119, 835, 581, 92, 90, 148, 152, 5, 3, 449, 46, 119, 30, 56, 35, 1, 1]
b_y        [1095, 274, 776, 131, 1108, 295, 1428, 999, 92, 893, 148, 844, 5, 3, 278, 1429, 821, 30, 664, 1121, 1, 1]
******************************
epoch   29 batch number 3 loss is:  4.423486232757568
prediction [14, 87, 283, 67, 459, 376, 55, 201, 2, 30, 123, 16, 478, 18, 132, 1, 586, 56, 29, 1, 1, 1]
b_y        [84, 87, 2032, 67, 1499, 490, 55, 370, 2, 590, 1157, 1157, 478, 2033, 132, 355, 355, 6, 209, 54, 1, 1]
******************************
epoch   29 batch number 4 loss is:  4.862098217010498
prediction [14, 886, 954, 1149, 72, 106, 802, 148, 2, 123, 81, 268, 169, 46, 137, 101, 546, 117, 343, 35, 1, 1]
b_y        [997, 998, 1148, 1149, 1164, 106, 406, 17, 2, 403, 81, 268, 1294, 571, 291, 2210, 264, 117, 573, 439, 1, 1]
******************************
epoch   29 batch number 5 loss is:  4.51878547668457
prediction [14, 508, 75, 30, 91, 104, 24, 88, 91, 26, 128, 53, 4, 449, 67, 3, 75, 13, 30, 22, 228, 1, 1]
b_y        [1583, 1584, 75, 8, 91, 1571, 891, 88, 2357, 102, 426, 53, 4, 317, 161, 10, 291, 13, 801, 438, 393, 1, 1]
******************************
epoch   29 batch number 6 loss is:  4.505518913269043
日
inital  linear weight 
红
inital  linear weight 
山
inital  linear weight 
夜
inital  linear weight 
湖
inital  linear weight 
inital  linear weight 
inital  linear weight 
海
inital  linear weight 
月
inital  linear weight 
君
inital  linear weight 
